# HZ S RI R 50
118000000 0.561299264 -0.829198016 -0.000700024 0.00319165 0 0 0 0
118070000 0.561396928 -0.829611136 -0.000811008 0.00317834 0 0 0 0
118140000 0.561009216 -0.830092928 -0.000790858 0.002969041 0 0 0 0
118210000 0.560159872 -0.83038208 -0.000632029 0.003154052 0 0 0 0
118280000 0.559900544 -0.830415424 -0.000869215 0.00293836 0 0 0 0
118350000 0.559304064 -0.831096192 -0.000745343 0.00292158 0 0 0 0
118420000 0.558698176 -0.831223168 -0.000606193 0.003070009 0 0 0 0
118490000 0.558067584 -0.83187456 -0.000702211 0.002890502 0 0 0 0
118560000 0.557805056 -0.832207808 -0.000733481 0.003091367 0 0 0 0
118630000 0.5576992 -0.832503872 -0.000749432 0.003078299 0 0 0 0
118700000 0.556919616 -0.832733696 -0.000753114 0.00288549 0 0 0 0
118770000 0.556198208 -0.832923456 -0.000727422 0.003026136 0 0 0 0
118840000 0.5557904 -0.833288384 -0.000717772 0.003125766 0 0 0 0
118910000 0.555281856 -0.833995776 -0.00085472 0.003017131 0 0 0 0
118980000 0.554887936 -0.834063552 -0.000570516 0.002960069 0 0 0 0
119050000 0.554368768 -0.83416128 -0.000799904 0.002993687 0 0 0 0
119120000 0.553854336 -0.834772032 -0.000827881 0.003078839 0 0 0 0
119190000 0.553341696 -0.83497856 -0.00086691 0.003189173 0 0 0 0
119260000 0.55258976 -0.835052288 -0.000754969 0.00298746 0 0 0 0
119330000 0.552276608 -0.835680832 -0.000830494 0.003133647 0 0 0 0
119400000 0.551929408 -0.835737024 -0.000732878 0.003092252 0 0 0 0
119470000 0.551191488 -0.836044032 -0.000635391 0.003207388 0 0 0 0
119540000 0.550980928 -0.83613056 -0.000872747 0.003029396 0 0 0 0
119610000 0.550169152 -0.836876096 -0.000623398 0.003085538 0 0 0 0
119680000 0.549774272 -0.837491584 -0.000832747 0.00301182 0 0 0 0
119750000 0.549394752 -0.837607232 -0.000947915 0.00288231 0 0 0 0
119820000 0.548562176 -0.837716608 -0.000927611 0.003043389 0 0 0 0
119890000 0.548396544 -0.83807328 -0.000899498 0.003308578 0 0 0 0
119960000 0.547949504 -0.838513984 -0.00088054 0.003004402 0 0 0 0
120030000 0.545388608 -0.83745376 -0.000785929 0.003084508 0 0 0 0
120100000 0.545135424 -0.835586688 -0.000808218 0.003134 0 0 0 0
120170000 0.545764544 -0.837312832 -0.000834588 0.003155783 0 0 0 0
120240000 0.54605184 -0.83958912 -0.000757522 0.003133962 0 0 0 0
120310000 0.544290496 -0.837448448 -0.000836507 0.003080342 0 0 0 0
120380000 0.54564992 -0.839706048 -0.000922388 0.003197336 0 0 0 0
120450000 0.544070144 -0.84013536 -0.000813775 0.003180906 0 0 0 0
120520000 0.542145024 -0.840819648 -0.000894863 0.003162637 0 0 0 0
120590000 0.541971328 -0.842268736 -0.000772147 0.003083261 0 0 0 0
120660000 0.540432 -0.841410304 -0.000932992 0.003148323 0 0 0 0
120730000 0.540300608 -0.841755008 -0.000959413 0.003120113 0 0 0 0
120800000 0.538939968 -0.84188288 -0.000827629 0.003245769 0 0 0 0
120870000 0.540081728 -0.842937536 -0.000824721 0.003291253 0 0 0 0
120940000 0.538258048 -0.843197696 -0.000869636 0.003097422 0 0 0 0
121010000 0.538435072 -0.843281152 -0.000755573 0.003215512 0 0 0 0
121080000 0.53972128 -0.845913856 -0.000732405 0.00322895 0 0 0 0
121150000 0.53689472 -0.843726144 -0.000835836 0.003216925 0 0 0 0
121220000 0.537834304 -0.84503488 -0.000776815 0.003228626 0 0 0 0
121290000 0.536948608 -0.845391488 -0.000839812 0.003136625 0 0 0 0
121360000 0.536398304 -0.84297056 -0.000732257 0.003177047 0 0 0 0
121430000 0.535072512 -0.845921856 -0.000784589 0.0031834 0 0 0 0
121500000 0.535037504 -0.846044992 -0.000799578 0.003259489 0 0 0 0
121570000 0.534890368 -0.846337088 -0.000886939 0.003087394 0 0 0 0
121640000 0.533954368 -0.846468864 -0.000869006 0.003070197 0 0 0 0
121710000 0.533786784 -0.84738464 -0.000859943 0.003218957 0 0 0 0
121780000 0.533726272 -0.847432896 -0.000785254 0.003282025 0 0 0 0
121850000 0.53959072 -0.8594144 -0.001022253 0.003257629 0 0 0 0
121920000 0.532674208 -0.848380608 -0.000803538 0.003316451 0 0 0 0
121990000 0.531918112 -0.84889664 -0.000819669 0.003248327 0 0 0 0
122060000 0.53125936 -0.848584576 -0.000838344 0.003113139 0 0 0 0
122130000 0.530217952 -0.848510016 -0.000847591 0.003108356 0 0 0 0
122200000 0.530664512 -0.850663168 -0.000814734 0.003212605 0 0 0 0
122270000 0.530374816 -0.849719552 -0.000822117 0.00329433 0 0 0 0
122340000 0.528470272 -0.84941504 -0.0007754 0.003234729 0 0 0 0
122410000 0.528468896 -0.849918208 -0.00084344 0.003247244 0 0 0 0
122480000 0.528544672 -0.850121408 -0.000780752 0.003178558 0 0 0 0
122550000 0.527959456 -0.849296896 -0.000782454 0.003205579 0 0 0 0
122620000 0.5278496 -0.851339712 -0.000843045 0.00327226 0 0 0 0
122690000 0.526747104 -0.851395328 -0.000811072 0.003283596 0 0 0 0
122760000 0.52692832 -0.850817472 -0.000788884 0.003200206 0 0 0 0
122830000 0.526360704 -0.85342528 -0.000845715 0.00321345 0 0 0 0
122900000 0.525596512 -0.853274304 -0.000822684 0.003230015 0 0 0 0
122970000 0.525119712 -0.853770368 -0.000807601 0.003205876 0 0 0 0
123040000 0.52593856 -0.855998144 -0.000686702 0.003247481 0 0 0 0
123110000 0.526244864 -0.8581312 -0.000478902 0.003239879 0 0 0 0
123180000 0.533878688 -0.865606336 -0.000314923 0.003482579 0 0 0 0
123250000 0.526964544 -0.860832448 -0.000477854 0.003283221 0 0 0 0
123320000 0.526107072 -0.859253376 -0.000478882 0.003225893 0 0 0 0
123390000 0.524560704 -0.85692928 -0.000664216 0.003240622 0 0 0 0
123460000 0.523127744 -0.85625856 -0.0006426 0.003225078 0 0 0 0
123530000 0.52193952 -0.855299008 -0.000643859 0.003154453 0 0 0 0
123600000 0.522544384 -0.858195584 -0.000628826 0.00325243 0 0 0 0
123670000 0.522432512 -0.857461696 -0.00063192 0.003243281 0 0 0 0
123740000 0.522745376 -0.861077248 -0.000540807 0.003126786 0 0 0 0
123810000 0.523108416 -0.86387808 -0.000391549 0.00306485 0 0 0 0
123880000 0.52102928 -0.861076032 -0.000608722 0.003110376 0 0 0 0
123950000 0.51899344 -0.859673152 -0.000641904 0.003172131 0 0 0 0
124020000 0.51812832 -0.857930176 -0.000781165 0.003251956 0 0 0 0
124090000 0.51712896 -0.858741952 -0.00082089 0.003202468 0 0 0 0
124160000 0.517171264 -0.860412096 -0.000906273 0.003224159 0 0 0 0
124230000 0.516057856 -0.858588032 -0.000872709 0.003284927 0 0 0 0
124300000 0.514868512 -0.858879168 -0.000803325 0.003353012 0 0 0 0
124370000 0.514372992 -0.858133056 -0.000893113 0.003340903 0 0 0 0
124440000 0.514693984 -0.85968544 -0.00086817 0.003217826 0 0 0 0
124510000 0.51452608 -0.859821248 -0.000806225 0.003333097 0 0 0 0
124580000 0.512087936 -0.860594112 -0.000904092 0.003240777 0 0 0 0
124650000 0.512455168 -0.86012992 -0.000846988 0.003298683 0 0 0 0
124720000 0.511925984 -0.860197568 -0.000873249 0.003325315 0 0 0 0
124790000 0.511336192 -0.860713792 -0.000947291 0.003341036 0 0 0 0
124860000 0.511402016 -0.860332608 -0.000841748 0.003320798 0 0 0 0
124930000 0.511251872 -0.861699904 -0.000816614 0.003297908 0 0 0 0
125000000 0.510189248 -0.862481408 -0.000862047 0.003335477 0 0 0 0
